0 4 0.524
0 16 0.550
0 48 0.520
0 76 0.571
8 16 0.526
8 28 0.550
8 48 0.565
12 44 0.579
12 88 0.556
16 4 0.562
24 8 0.545
28 48 0.591
32 28 0.524
32 88 0.526
36 12 0.529
36 92 0.588
64 12 0.533
80 76 0.526
84 52 0.529
84 56 0.526
92 56 0.526
92 76 0.526
92 96 0.600
96 44 0.588
0 9 0.550
0 25 0.550
0 45 0.650
0 65 0.571
0 69 0.652
8 53 0.550
8 73 0.529
12 13 0.526
16 45 0.529
16 65 0.529
28 25 0.556
28 69 0.522
32 69 0.542
32 89 0.524
36 9 0.529
36 41 0.533
36 57 0.529
36 89 0.647
44 69 0.619
44 77 0.533
44 85 0.556
68 25 0.526
68 61 0.526
68 69 0.565
68 85 0.579
84 89 0.526
92 69 0.619
0 26 0.522
0 38 0.619
8 38 0.524
12 26 0.571
12 50 0.524
12 90 0.579
12 98 0.526
20 66 0.533
28 10 0.579
28 26 0.600
28 82 0.526
32 10 0.524
32 26 0.545
36 22 0.526
36 66 0.529
36 86 0.579
44 82 0.556
48 22 0.526
48 38 0.526
52 10 0.556
56 30 0.538
68 54 0.611
80 94 0.647
84 38 0.579
84 98 0.588
88 62 0.571
2 66 0.556
6 10 0.571
6 22 0.545
6 26 0.522
6 86 0.522
6 90 0.684
14 50 0.524
14 54 0.526
14 62 0.611
22 26 0.611
26 22 0.545
26 26 0.522
26 82 0.524
26 86 0.522
30 10 0.667
30 26 0.524
30 82 0.706
30 94 0.526
34 22 0.550
34 38 0.550
34 82 0.526
38 38 0.579
38 86 0.550
46 82 0.562
54 34 0.556
58 18 0.556
58 26 0.571
58 38 0.524
58 66 0.526
62 18 0.529
70 98 0.562
74 38 0.526
78 74 0.615
90 50 0.556
94 34 0.611
94 50 0.600
94 98 0.526
0 3 0.591
0 39 0.524
0 55 0.524
0 59 0.526
0 83 0.524
8 43 0.579
8 47 0.524
8 51 0.556
12 27 0.619
24 55 0.643
28 87 0.526
32 3 0.545
32 27 0.667
32 83 0.550
36 11 0.526
44 31 0.556
48 75 0.529
52 3 0.579
68 11 0.600
68 47 0.524
72 87 0.600
76 15 0.625
84 11 0.579
84 27 0.524
92 27 0.524
2 56 0.579
2 92 0.611
6 44 0.600
6 48 0.583
6 72 0.524
10 40 0.562
18 40 0.529
18 60 0.526
22 32 0.533
22 44 0.529
26 0 0.524
26 4 0.524
26 12 0.550
26 48 0.583
30 48 0.522
30 76 0.579
30 80 0.556
34 48 0.667
38 0 0.556
38 48 0.545
38 52 0.625
38 56 0.526
46 20 0.600
50 48 0.524
54 28 0.579
54 48 0.522
54 64 0.588
58 12 0.526
58 48 0.636
58 60 0.632
66 44 0.562
70 20 0.562
70 92 0.529
74 20 0.529
78 92 0.562
82 76 0.529
94 28 0.632
98 20 0.533
3 34 0.529
11 14 0.611
11 22 0.550
11 38 0.550
11 86 0.524
15 10 0.524
15 22 0.650
15 26 0.700
15 86 0.619
23 22 0.526
35 50 0.526
39 10 0.579
39 82 0.526
39 90 0.526
47 98 0.526
51 58 0.529
59 10 0.579
59 26 0.684
59 86 0.600
63 22 0.526
63 46 0.562
67 38 0.611
75 18 0.562
75 38 0.526
75 66 0.529
99 62 0.529
2 31 0.526
2 47 0.632
2 63 0.588
6 31 0.524
6 39 0.524
6 43 0.524
6 55 0.600
6 67 0.524
6 83 0.524
14 27 0.545
14 91 0.647
18 83 0.556
26 3 0.522
26 11 0.545
26 31 0.524
26 39 0.600
30 3 0.524
30 87 0.526
34 11 0.550
34 39 0.526
34 43 0.611
38 39 0.556
46 27 0.526
54 55 0.526
54 67 0.611
58 3 0.571
58 11 0.524
58 51 0.556
70 47 0.556
78 27 0.526
78 71 0.571
86 35 0.571
94 27 0.700
94 87 0.579
1 45 0.526
1 69 0.545
5 5 0.529
5 45 0.556
9 9 0.526
9 65 0.632
9 69 0.565
9 89 0.550
13 29 0.529
13 49 0.562
17 21 0.571
21 69 0.522
37 49 0.529
37 57 0.588
37 85 0.556
45 13 0.588
45 53 0.526
49 17 0.600
49 69 0.583
57 9 0.562
57 69 0.524
57 85 0.529
61 5 0.632
61 13 0.550
61 61 0.550
61 69 0.583
61 85 0.524
65 1 0.526
65 17 0.611
65 73 0.562
73 21 0.533
73 45 0.588
73 69 0.524
73 85 0.529
81 89 0.529
85 1 0.579
85 57 0.526
89 65 0.556
11 44 0.526
11 48 0.522
11 92 0.526
15 48 0.609
15 52 0.706
15 56 0.524
15 68 0.600
19 84 0.600
23 48 0.571
23 60 0.556
31 0 0.556
35 16 0.529
35 76 0.556
39 28 0.579
47 4 0.579
47 16 0.611
47 20 0.526
47 52 0.556
51 4 0.526
59 48 0.522
59 52 0.588
59 56 0.667
59 80 0.647
63 48 0.571
79 56 0.562
79 80 0.533
87 28 0.529
95 84 0.562
99 4 0.588
3 53 0.556
11 53 0.579
11 89 0.579
15 69 0.609
15 89 0.600
19 1 0.529
19 85 0.529
31 45 0.526
31 53 0.611
31 81 0.556
35 57 0.625
39 1 0.526
47 65 0.550
51 69 0.522
59 45 0.579
59 69 0.522
67 13 0.529
67 81 0.588
71 17 0.600
71 73 0.538
83 61 0.533
95 25 0.529
95 37 0.529
1 3 0.550
9 11 0.600
9 27 0.545
9 47 0.524
9 51 0.556
21 27 0.650
21 31 0.526
45 11 0.667
49 3 0.522
49 27 0.636
49 31 0.524
49 75 0.632
49 87 0.524
49 99 0.556
61 3 0.522
61 39 0.524
61 47 0.545
61 87 0.524
65 31 0.526
65 67 0.526
65 87 0.611
69 27 0.579
85 3 0.571
85 27 0.545
85 43 0.667
3 95 0.533
7 3 0.579
7 47 0.526
7 99 0.533
11 11 0.550
11 27 0.571
15 27 0.522
15 39 0.632
19 31 0.529
19 87 0.529
31 19 0.562
35 27 0.550
39 3 0.600
39 47 0.550
47 27 0.545
51 3 0.524
51 31 0.526
75 11 0.526
75 47 0.611
75 51 0.667
79 63 0.692
83 11 0.529
1 36 0.533
1 52 0.529
1 56 0.526
5 56 0.556
5 80 0.529
9 12 0.526
13 24 0.562
21 16 0.556
21 20 0.556
21 48 0.591
21 60 0.579
25 20 0.533
33 28 0.556
37 52 0.529
37 56 0.526
45 44 0.556
49 12 0.550
49 28 0.571
49 48 0.520
61 48 0.520
61 68 0.571
61 72 0.524
61 92 0.524
65 48 0.591
69 92 0.625
73 4 0.529
77 16 0.533
81 4 0.562
85 68 0.550
89 76 0.556
1 26 0.550
1 86 0.550
9 22 0.524
9 38 0.524
9 98 0.526
13 54 0.529
21 2 0.556
29 38 0.529
33 34 0.625
37 86 0.550
45 10 0.526
49 14 0.524
49 22 0.545
49 34 0.550
49 42 0.526
49 50 0.545
49 86 0.522
61 14 0.524
61 54 0.550
61 62 0.550
61 94 0.684
65 90 0.611
73 86 0.526
85 18 0.556
85 26 0.571
85 54 0.526
85 86 0.571
89 54 0.529
89 62 0.529
89 82 0.588
93 46 0.571
2 69 0.522
2 85 0.526
6 5 0.550
6 69 0.583
10 29 0.529
14 5 0.526
14 13 0.526
14 61 0.526
14 69 0.565
22 13 0.562
26 17 0.524
26 25 0.632
26 69 0.727
26 85 0.600
30 1 0.526
30 13 0.556
30 61 0.556
30 69 0.522
34 69 0.667
38 53 0.526
38 69 0.545
42 9 0.529
42 57 0.625
42 89 0.556
50 69 0.524
54 17 0.526
54 25 0.556
54 45 0.579
58 1 0.579
58 25 0.526
58 65 0.550
62 69 0.545
70 33 0.533
74 9 0.625
82 13 0.600
82 81 0.562
90 53 0.588
90 69 0.524
